1.056000
2.064000
3.312000
4.344000
5.472000
6.600000
7.896000
9.336000
10.344000
11.448000
12.864000
14.352000
15.312000
16.416000
17.616000
18.936000
20.016000
21.048000
22.032000
22.896000
23.952000
24.984000
26.256000
27.240000
28.344000
29.400000
30.552000
31.608000
32.592000
33.936000
35.064000
36.096000
37.176000
38.232000
39.288000
40.392000
41.352000
42.480000
43.536000
44.664000
45.840000
46.704000
47.976000
49.272000
50.544000
51.648000
53.016000
54.096000
55.200000
56.352000
57.552000
58.704000
59.664000
60.528000
61.728000
62.568000
63.960000
64.920000
66.456000
67.992000
68.952000
69.816000
71.040000
72.288000
73.344000
74.472000
75.552000
76.560000
77.664000
78.936000
80.136000
81.336000
82.824000
83.856000
84.864000
85.872000
87.096000
89.040000
90.000000
91.056000
92.016000
93.120000
94.104000
95.232000
96.840000
98.040000
99.192000
100.560000
101.856000
103.032000
104.520000
105.600000
107.112000
108.048000
109.152000
110.136000
111.240000
112.392000
113.688000
115.128000
116.112000
117.096000
118.152000
119.400000
120.456000
121.464000
122.448000
123.408000
124.872000
125.808000
126.936000
127.944000
129.192000
130.320000
131.520000
132.864000
133.944000
135.120000
136.152000
137.376000
138.648000
139.488000
140.736000
141.696000
142.680000
143.736000
144.696000
145.992000
147.192000
148.200000
149.136000
149.976000
150.936000
151.968000
153.336000
154.296000
155.304000
156.312000
157.344000
158.472000
159.768000
160.824000
161.808000
163.008000
164.232000
165.384000
166.320000
167.328000
168.480000
169.416000
170.400000
171.624000
172.872000
174.000000
175.104000
176.088000
177.048000
177.960000
178.752000
180.000000
180.888000
181.776000
183.000000
184.008000
184.896000
185.904000
186.648000
187.560000
188.544000
189.552000
190.392000
191.736000
193.056000
194.088000
195.024000
196.056000
197.400000
198.720000
199.824000
201.048000
201.960000
203.256000
204.312000
205.176000
206.328000
207.360000
208.584000
209.976000
211.008000
212.088000
213.336000
214.392000
215.352000
216.240000
217.368000
218.616000
220.032000
221.016000
222.024000
222.912000
223.968000
225.192000
226.128000
227.280000
228.456000
229.872000
231.168000
232.368000
233.664000
234.816000
235.920000
237.192000
238.128000
239.232000
240.120000
241.152000
242.208000
243.072000
244.056000
245.496000
246.672000
248.088000
249.192000
250.104000
251.040000
252.144000
253.056000
254.088000
255.048000
256.224000
257.088000
258.264000
259.488000
260.592000
261.672000
262.728000
263.784000
264.864000
265.872000
266.952000
267.912000
269.088000
269.952000
271.104000
272.088000
273.000000
274.128000
275.568000
276.960000
278.016000
279.000000
280.344000
281.400000
282.624000
283.872000
285.024000
286.104000
287.304000
288.480000
289.848000
290.736000
292.152000
293.424000
294.624000
296.040000
297.192000
298.464000
299.616000
300.576000
301.848000
303.288000
304.512000
305.904000
307.368000
308.616000
309.888000
311.328000
312.432000
313.776000
314.832000
315.744000
316.848000
317.928000
319.272000
320.184000
321.312000
322.320000
323.424000
324.504000
325.488000
326.448000
327.408000
328.488000
329.496000
330.312000
331.512000
332.496000
333.408000
334.536000
335.856000
336.888000
338.040000
339.096000
340.512000
341.376000
342.456000
343.728000
344.664000
345.768000
346.968000
348.048000
349.176000
350.352000
351.624000
352.656000
353.616000
354.864000
355.848000
357.072000
358.248000
359.328000
360.456000
361.704000
362.976000
364.488000
365.808000
367.416000
368.520000
369.528000
370.848000
372.096000
373.200000
374.280000
375.288000
376.224000
377.400000
378.696000
380.328000
381.576000
382.680000
383.832000
384.960000
386.232000
387.624000
388.920000
390.072000
391.296000
392.496000
393.600000
394.800000
395.904000
397.056000
398.232000
399.480000
400.584000
401.592000
402.840000
403.968000
404.880000
405.888000
406.920000
408.096000
409.728000
410.808000
411.744000
412.776000
413.736000
414.792000
415.752000
416.616000
417.480000
418.488000
419.376000
420.888000
422.208000
423.312000
424.464000
425.688000
426.576000
427.776000
428.784000
429.888000
431.016000
432.096000
433.008000
434.184000
435.624000
436.752000
438.000000
439.272000
440.352000
441.360000
442.488000
443.592000
444.672000
445.704000
446.976000
448.152000
449.400000
450.792000
451.968000
452.856000
453.912000
455.232000
456.336000
457.200000
458.544000
459.768000
460.824000
462.336000
463.512000
464.568000
465.648000
466.800000
467.688000
469.032000
469.992000
471.432000
472.440000
473.736000
475.296000
476.760000
478.200000
478.968000
480.168000
481.680000
482.640000
483.744000
484.656000
485.712000
487.128000
488.184000
489.504000
491.112000
492.384000
493.872000
494.784000
496.128000
497.208000
498.168000
499.320000
500.472000
501.792000
502.728000
503.904000
505.080000
506.304000
507.528000
508.608000
510.240000
511.632000
512.856000
513.936000
515.328000
516.720000
517.800000
519.096000
520.368000
521.496000
522.768000
523.824000
525.168000
526.008000
527.112000
528.168000
529.200000
530.112000
531.312000
532.104000
533.352000
534.336000
535.200000
535.992000
537.072000
538.056000
539.208000
540.408000
541.656000
542.568000
543.456000
544.464000
545.328000
546.384000
547.512000
548.592000
549.960000
550.992000
551.928000
552.912000
553.896000
554.952000
556.176000
557.328000
558.432000
559.536000
560.712000
561.816000
562.968000
564.096000
565.368000
566.376000
567.648000
568.704000
570.264000
571.272000
572.304000
573.360000
574.344000
575.568000
576.744000
577.824000
578.880000
579.888000
581.136000
582.240000
583.344000
584.424000
586.344000
587.688000
588.744000
589.776000
590.736000
591.792000
592.872000
594.336000
595.800000
596.688000
597.840000
599.304000
600.576000
601.584000
602.664000
603.528000
604.896000
605.880000
606.888000
608.088000
608.880000
609.720000
610.488000
611.400000
612.360000
613.344000
614.304000
615.528000
616.464000
617.496000
618.384000
619.152000
620.160000
621.360000
622.536000
623.424000
624.216000
625.368000
626.304000
627.600000
628.752000
629.640000
630.768000
632.112000
632.976000
634.008000
634.944000
635.856000
637.056000
638.136000
639.408000
640.824000
641.880000
643.056000
644.088000
645.120000
646.080000
647.232000
648.480000
649.752000
651.048000
652.128000
653.304000
654.432000
655.680000
657.072000
658.128000
659.400000
660.840000
662.160000
663.216000
664.248000
665.688000
666.720000
667.944000
669.048000
670.536000
671.520000
673.080000
674.352000
675.792000
676.776000
677.784000
678.696000
679.728000
680.952000
682.200000
683.376000
684.672000
686.040000
687.024000
688.344000
689.592000
690.720000
691.728000
692.976000
694.032000
695.256000
696.504000
697.680000
698.664000
700.080000
701.184000
702.336000
703.632000
704.832000
706.032000
707.376000
708.744000
710.136000
711.432000
712.848000
714.024000
715.104000
716.232000
717.048000
718.368000
719.616000
720.936000
722.352000
723.696000
725.184000
726.624000
727.776000
728.760000
730.104000
731.472000
732.456000
733.752000
734.664000
735.912000
737.256000
738.288000
739.368000
740.856000
742.272000
743.376000
744.528000
745.584000
746.664000
747.816000
748.872000
749.832000
750.936000
751.800000
753.072000
754.560000
755.760000
757.200000
758.352000
759.528000
760.776000
761.760000
763.128000
764.376000
765.504000
766.632000
767.904000
768.912000
769.968000
771.192000
772.200000
773.280000
774.360000
775.440000
776.832000
777.984000
778.824000
779.712000
781.056000
782.376000
783.864000
785.016000
786.096000
787.248000
788.304000
789.336000
790.776000
791.976000
793.056000
794.064000
794.880000
795.840000
796.992000
798.168000
799.080000
800.016000
801.072000
802.128000
802.944000
804.384000
805.752000
807.192000
808.296000
809.184000
810.384000
811.896000
812.928000
814.032000
815.088000
816.384000
817.416000
818.640000
819.744000
820.728000
821.712000
822.744000
823.776000
824.928000
825.864000
826.776000
827.880000
829.272000
830.256000
831.432000
832.440000
833.784000
834.672000
835.896000
836.880000
837.912000
839.016000
840.216000
841.320000
842.184000
843.336000
844.248000
845.328000
846.360000
847.656000
848.904000
850.032000
851.064000
852.456000
853.464000
854.616000
855.648000
857.064000
858.168000
859.680000
860.832000
862.128000
863.352000
864.216000
865.680000
866.760000
868.152000
869.160000
870.408000
871.584000
872.640000
873.768000
874.872000
875.952000
876.984000
878.400000
879.456000
880.464000
881.640000
882.744000
883.896000
884.808000
886.032000
887.232000
888.216000
889.320000
890.376000
891.768000
893.376000
894.960000
895.896000
897.024000
899.016000
900.792000
901.656000
902.712000
903.696000
904.848000
905.712000
906.888000
908.328000
909.336000
910.656000
911.928000
913.320000
914.568000
915.480000
916.632000
917.952000
919.104000
920.400000
921.480000
922.560000
923.640000
924.816000
925.968000
927.072000
928.176000
929.376000
930.336000
931.440000
932.592000
933.552000
934.656000
936.120000
937.080000
938.352000
939.768000
940.992000
941.880000
942.744000
943.944000
945.216000
946.200000
947.424000
948.696000
949.872000
951.168000
952.440000
953.568000
955.104000
956.160000
957.240000
958.272000
959.184000
960.240000
961.512000
962.544000
963.528000
964.920000
966.360000
967.632000
969.000000
970.008000
971.064000
972.192000
973.008000
974.016000
975.288000
976.680000
977.904000
979.032000
980.352000
981.576000
982.776000
983.928000
985.416000
986.520000
988.032000
989.208000
990.360000
991.320000
992.400000
993.648000
994.560000
995.616000
997.200000
998.592000
999.816000
1000.776000
1002.096000
1002.936000
1003.944000
1005.024000
1006.272000
1007.736000
1008.936000
1009.896000
1010.880000
1011.960000
1013.040000
1014.048000
1015.104000
1016.136000
1017.216000
1018.248000
1019.256000
1020.360000
1021.584000
1022.856000
1024.032000
1025.088000
1026.096000
1027.152000
1028.376000
1029.576000
1030.584000
1031.904000
1032.936000
1034.328000
1035.408000
1036.344000
1037.376000
1038.696000
1039.848000
1040.928000
1042.032000
1043.808000
1045.056000
1046.352000
1047.240000
1048.008000
1049.256000
1050.144000
1051.056000
1051.848000
1053.048000
1054.224000
1055.352000
1056.456000
1057.512000
1058.832000
1060.032000
1061.064000
1062.216000
1063.608000
1064.592000
1065.768000
1066.680000
1067.904000
1069.104000
1070.472000
1071.384000
1072.704000
1073.856000
1074.888000
1075.728000
1076.664000
1077.600000
1078.464000
1079.400000
1080.576000
1081.584000
1082.880000
1083.888000
1084.944000
1086.048000
1087.224000
1088.040000
1088.904000
1090.104000
1091.256000
1092.504000
1093.584000
1094.880000
1096.320000
1097.376000
1098.360000
1099.464000
1100.448000
1101.504000
1102.848000
1103.760000
1104.744000
1105.872000
1107.120000
1108.104000
1109.544000
1110.744000
1112.280000
1113.768000
1114.848000
1115.976000
1117.224000
1118.736000
1119.984000
1121.016000
1122.360000
1123.584000
1124.928000
1126.080000
1127.256000
1128.552000
1129.632000
1130.832000
1132.200000
1133.400000
1134.480000
1135.536000
1136.760000
1137.936000
1139.136000
1140.384000
1141.584000
1142.808000
1144.272000
1145.664000
1146.816000
1148.184000
1149.288000
1150.512000
1151.568000
1152.600000
1153.728000
1155.336000
1156.560000
1157.520000
1158.528000
1159.608000
1160.544000
1161.600000
1162.632000
1163.760000
1164.744000
1165.656000
1166.712000
1167.840000
1169.064000
1170.048000
1171.128000
1172.112000
1173.648000
1174.656000
1175.640000
1176.720000
1178.040000
1179.432000
1180.416000
1181.472000
1182.600000
1183.584000
1185.024000
1186.296000
1187.712000
1188.792000
1189.872000
1191.024000
1192.128000
1193.352000
1194.528000
1195.872000
1197.048000
1198.464000
1199.856000
1201.224000
1202.472000
1203.360000
1204.320000
1205.424000
1206.600000
1207.464000
1208.592000
1209.864000
1211.016000
1212.432000
1213.632000
1214.736000
1215.720000
1216.728000
1217.760000
1218.816000
1219.800000
1220.832000
1221.912000
1223.088000
1224.432000
1225.824000
1226.832000
1227.864000
1229.376000
1230.816000
1231.920000
1233.000000
1234.752000
1235.880000
1236.816000
1237.800000
1238.976000
1239.984000
1240.968000
1242.024000
1243.032000
1244.184000
1245.216000
1246.176000
1247.568000
1248.840000
1250.400000
1251.648000
1252.752000
1254.096000
1255.800000
1256.904000
1258.248000
1259.880000
1260.936000
1262.160000
1263.096000
1264.248000
1265.448000
1266.984000
1268.040000
1269.168000
1270.128000
1271.256000
1272.336000
1273.416000
1274.568000
1275.960000
1277.280000
1278.600000
1279.536000
1280.808000
1281.648000
1283.088000
1284.720000
1286.088000
1287.120000
1288.272000
1289.400000
1291.080000
1292.280000
1293.816000
1294.776000
1295.736000
1296.912000
1297.920000
1298.832000
1299.912000
1300.848000
1301.976000
1303.032000
1304.016000
1304.880000
1306.056000
1307.232000
1308.720000
1309.968000
1311.288000
1312.512000
1314.048000
1315.080000
1316.136000
1317.168000
1318.104000
1319.088000
1320.432000
1321.488000
1322.568000
1323.936000
1325.016000
1326.168000
1327.512000
1328.568000
1329.528000
1330.656000
1332.240000
1333.584000
1334.880000
1336.032000
1336.944000
1338.264000
1339.632000
1340.832000
1341.936000
1343.160000
1344.192000
1345.584000
1346.760000
1348.056000
1349.280000
1350.336000
1351.320000
1352.352000
1353.600000
1354.728000
1356.072000
1357.056000
1358.184000
1359.432000
1360.584000
1361.616000
1362.672000
1363.632000
1364.784000
1365.984000
1367.256000
1368.336000
1369.416000
1370.784000
1372.104000
1373.136000
1374.144000
1375.200000
1376.184000
1377.096000
1378.392000
1379.496000
1380.696000
1381.728000
1382.736000
1384.056000
1385.112000
1386.120000
1387.392000
1388.544000
1389.408000
1390.608000
1391.760000
1392.960000
1394.304000
1395.480000
1396.560000
1397.592000
1398.696000
1399.872000
1400.760000
1401.864000
1403.520000
1404.720000
1405.824000
1407.168000
1408.392000
1409.520000
1410.936000
1412.160000
1413.312000
1414.536000
1415.976000
1417.224000
1418.568000
1419.696000
1421.040000
1422.144000
1423.320000
1424.256000
1425.480000
1426.608000
1428.000000
1429.368000
1430.400000
1431.288000
1432.296000
1433.520000
1434.456000
1435.368000
1436.400000
1437.264000
1438.320000
1439.568000
1440.696000
1441.872000
1442.808000
1443.840000
1445.040000
1445.952000
1447.128000
1448.328000
1449.408000
1450.632000
1451.760000
1452.816000
1453.872000
1454.976000
1455.912000
1456.752000
1457.736000
1458.768000
1459.512000
1460.472000
1461.504000
1462.464000
1463.568000
1464.528000
1465.320000
1466.328000
1467.312000
1468.224000
1469.592000
1470.624000
1471.680000
1473.024000
1474.296000
1475.880000
1476.864000
1477.872000
1478.808000
1480.080000
1480.992000
1482.096000
1483.800000
1484.904000
1485.912000
1487.544000
1488.480000
1489.416000
1490.256000
1491.528000
1492.560000
1493.400000
1494.288000
1495.392000
1496.760000
1497.600000
1498.944000
1500.192000
1501.416000
1502.688000
1503.888000
1505.040000
1506.048000
1507.080000
1508.376000
1509.600000
1510.776000
1511.976000
1513.464000
1514.880000
1516.176000
1517.232000
1518.912000
1519.992000
1521.168000
1522.248000
1523.088000
1523.952000
1524.984000
1526.112000
1527.456000
1528.896000
1530.168000
1531.152000
1532.352000
1533.744000
1534.944000
1536.360000
1537.536000
1538.832000
1540.008000
1541.160000
1542.312000
1543.392000
1544.592000
1545.768000
1546.632000
1547.688000
1548.552000
1549.872000
1551.360000
1552.512000
1553.616000
1554.792000
1555.968000
1557.048000
1558.032000
1559.088000
1560.264000
1561.176000
1562.280000
1563.384000
1564.632000
1565.544000
1566.432000
1567.536000
1568.472000
1569.576000
1570.488000
1571.448000
1572.576000
1573.368000
1574.424000
1575.528000
1576.776000
1577.784000
1578.984000
1580.208000
1581.264000
1582.272000
1583.928000
1584.960000
1585.800000
1586.736000
1587.744000
1588.680000
1590.840000
1591.944000
1593.096000
1594.776000
1595.976000
1597.008000
1598.064000
1599.648000
1601.256000
